35,95,19,71,79
84,59,69,53,9,85
91,19,89,53,22,86,30
93,93,39,5,62,60,13,93
7,60,44,81,77,88,95,16,39
99,34,52,13,79,84,22,71,45,30
57,59,52,69,48,86,33,47,32,62,77
81,74,89,1,37,93,51,26,17,20,20,35
30,93,40,64,92,32,58,36,13,98,38,5,16
37,93,30,67,29,12,86,26,18,52,27,67,16,47
18,85,85,99,85,5,54,67,72,62,88,77,98,21,99
31,100,57,39,50,19,20,87,65,100,26,99,79,54,39,90
41,5,5,39,98,21,66,72,2,45,30,63,35,83,32,72,8
3,77,68,13,77,11,45,69,79,27,6,80,26,23,40,2,21,38
60,75,17,39,6,74,62,99,80,86,68,20,45,44,68,71,51,84,19
28,63,41,68,92,45,74,29,75,42,3,24,7,39,46,22,54,37,16,51
17,69,74,23,73,94,23,82,83,75,81,94,9,92,93,72,15,34,65,10,64
62,31,5,25,6,24,68,32,4,76,16,92,36,75,97,55,35,81,35,90,79,22
9,44,75,18,76,39,6,45,2,24,44,80,75,17,69,20,86,8,97,26,88,9,24
51,95,52,72,65,52,12,35,73,64,85,92,46,40,23,92,65,37,89,63,81,75,47,34
53,45,87,2,94,20,90,47,89,12,58,50,57,99,90,54,11,43,18,87,93,77,44,84,51
71,4,41,54,28,22,49,26,66,73,14,52,83,43,13,75,57,92,75,73,5,80,59,67,38,40
16,98,9,28,18,50,15,74,28,23,43,26,40,65,53,81,79,92,30,56,32,57,82,93,17,15,58
73,55,69,11,53,64,18,66,20,8,80,31,19,91,16,74,95,62,56,33,43,48,3,27,35,53,28,10
48,56,54,32,32,51,80,94,19,95,20,50,50,90,81,72,58,41,46,45,73,17,80,78,68,44,38,91,63
36,40,77,68,52,61,32,30,81,42,78,44,81,11,38,28,84,61,95,65,12,63,59,14,73,49,46,44,7,18
53,94,41,57,20,60,82,43,23,95,45,18,59,65,34,70,44,55,63,47,59,11,46,26,16,32,32,90,31,71,16
9,65,74,30,80,66,48,60,60,65,52,82,3,97,51,10,33,73,80,67,42,6,88,44,10,97,26,93,75,65,74,92
52,96,58,27,91,96,73,93,28,48,95,54,55,41,19,14,25,68,56,37,39,56,33,16,97,53,76,12,66,59,61,86,13
74,99,17,49,42,92,5,18,32,80,27,3,18,8,77,97,39,83,65,74,43,65,33,3,11,76,53,83,57,62,61,13,93,78
81,14,73,20,42,29,77,95,57,28,99,53,54,44,33,51,17,3,59,28,61,66,22,96,46,10,94,97,75,74,38,97,41,12,39
44,21,84,62,15,46,81,45,36,82,80,19,46,76,36,10,41,53,77,54,94,92,64,37,45,48,14,28,3,13,29,77,9,64,38,34
58,97,85,97,21,5,27,15,84,32,21,83,61,73,34,4,85,67,4,49,58,60,29,14,19,94,35,25,46,46,24,8,51,75,52,35,93
8,5,6,30,44,28,46,95,81,75,41,86,57,69,90,90,64,55,81,85,86,27,89,16,16,45,36,18,27,18,24,61,3,58,24,42,64,8
2,20,35,84,40,56,11,15,93,66,8,89,82,73,21,56,22,6,31,42,39,88,95,49,48,47,80,37,74,94,83,92,81,45,34,13,45,25,13
77,53,24,49,84,80,53,40,2,68,3,11,88,61,54,52,76,73,88,26,98,68,4,75,82,88,8,69,45,19,65,32,22,64,5,85,62,51,83,75
99,8,6,81,79,77,29,60,12,69,71,89,49,89,72,23,65,28,68,95,60,31,38,96,56,49,81,84,4,38,76,57,32,74,48,60,63,48,45,75,75
11,49,92,60,62,52,39,6,30,61,97,27,42,55,77,47,36,82,82,32,88,6,74,46,77,71,74,84,84,5,84,8,95,40,70,38,38,54,99,28,85,5
51,84,53,91,29,24,95,66,75,11,1,77,25,18,11,80,98,24,69,24,26,55,23,40,50,2,74,61,34,40,57,68,61,48,84,42,40,94,89,55,59,92,38
60,56,95,92,65,31,59,30,80,8,15,63,53,32,76,62,65,71,86,35,91,63,66,87,89,37,98,8,32,55,28,24,22,95,79,17,50,15,53,39,32,49,99,8
19,87,99,49,75,76,65,54,39,62,82,81,66,20,47,18,50,20,55,33,34,48,5,44,2,33,58,51,3,97,43,15,10,68,68,20,68,42,94,81,81,64,57,48,94
78,74,26,32,36,84,76,46,21,2,57,56,78,64,73,56,21,92,98,30,8,74,94,52,2,71,32,33,46,77,72,64,17,58,21,93,59,59,68,81,5,89,10,92,93,27
44,57,50,67,70,91,51,30,55,85,97,18,6,18,89,64,19,66,25,61,44,64,20,57,60,31,75,16,29,81,100,23,49,84,11,45,59,91,72,97,77,8,54,85,55,8,2
58,56,52,38,61,6,51,36,16,62,99,23,53,78,14,96,83,93,55,47,10,50,17,49,90,3,16,76,57,57,87,85,70,31,11,82,8,30,81,36,26,52,54,70,43,15,92,1
81,51,11,65,65,35,52,27,97,11,13,69,35,3,24,65,74,8,35,89,52,33,52,19,67,6,29,82,56,37,21,70,31,42,22,29,84,83,45,13,96,97,28,68,28,55,15,70,95
65,20,33,35,81,84,89,36,97,77,46,87,6,9,72,95,51,10,9,21,97,62,1,78,8,76,44,92,58,35,60,98,8,49,17,76,94,8,1,89,37,76,58,35,56,20,99,21,24,33
10,14,41,61,71,41,40,73,14,20,59,12,94,32,86,10,90,11,61,70,99,20,55,32,11,40,65,41,34,28,31,81,96,40,18,87,59,37,33,36,45,59,26,65,43,62,46,72,49,96,13
96,17,10,66,92,66,95,45,27,90,81,97,95,40,99,38,10,28,100,53,29,44,31,68,55,27,83,17,81,18,22,23,70,50,12,74,16,92,79,14,59,98,2,15,18,34,40,24,8,18,4,89
5,23,41,60,46,15,70,28,26,20,78,72,36,74,9,46,31,42,10,81,36,76,77,26,81,41,17,17,42,62,48,57,44,13,18,66,80,54,19,98,12,88,1,66,49,10,37,79,40,46,81,18,43
71,22,83,92,82,10,77,38,52,95,62,52,49,56,91,42,92,19,94,35,72,87,15,16,42,64,22,69,23,29,95,52,91,75,50,48,9,97,39,28,73,90,30,83,94,15,88,57,71,56,33,91,40,13
50,35,25,95,99,38,85,98,82,12,24,36,71,51,99,32,73,81,94,39,79,33,79,56,34,59,96,39,8,61,15,33,85,25,51,79,83,18,77,91,75,61,62,51,1,77,43,43,26,8,42,74,51,33,9
56,78,46,75,56,92,9,94,26,98,52,32,60,74,20,39,61,7,6,77,85,51,9,85,63,55,37,6,54,80,3,22,85,88,15,22,50,37,18,4,26,44,71,15,13,80,61,2,36,44,94,30,20,75,13,30
41,30,93,83,51,33,28,29,99,65,77,90,50,18,35,30,74,61,29,56,84,55,97,78,20,63,65,28,69,35,88,99,8,99,31,18,9,22,60,94,6,17,37,28,64,9,66,61,42,49,34,60,99,49,15,29,83
86,29,45,44,22,92,14,54,60,33,76,55,66,33,56,19,70,21,30,67,22,99,82,94,24,61,88,24,15,70,84,37,6,38,9,37,66,33,65,70,92,55,42,27,15,100,19,97,89,54,92,55,98,67,67,38,90,31
34,65,39,23,87,62,17,73,62,67,70,81,85,89,10,98,4,81,36,32,52,61,51,41,4,60,59,80,57,52,50,53,66,30,95,55,44,49,63,51,35,55,7,54,65,54,31,50,59,65,45,11,41,11,79,40,20,58,97
23,31,2,96,18,59,14,63,29,68,56,38,63,80,53,55,91,51,5,35,28,34,5,42,77,52,96,72,23,59,53,73,43,31,5,65,69,97,39,64,9,97,98,79,61,75,60,22,15,64,67,96,5,19,97,83,7,2,99,74
67,79,20,71,3,96,37,2,52,6,84,72,92,95,11,20,7,55,60,12,14,27,83,39,40,30,5,46,18,30,29,59,8,61,98,33,76,9,57,89,52,42,80,27,29,84,82,25,7,28,71,57,49,9,27,57,18,54,66,61,97
34,63,74,73,39,47,80,42,48,35,19,66,47,44,55,62,4,39,77,80,90,45,64,78,65,75,86,21,5,90,46,57,6,41,40,65,57,56,78,12,19,28,72,86,55,55,2,81,40,35,100,1,56,65,17,14,80,99,79,30,39,57
69,43,21,78,63,80,28,45,5,82,4,41,54,12,44,33,94,86,88,37,64,24,54,95,81,99,81,68,63,32,11,97,10,47,44,80,62,70,98,72,9,8,95,82,41,29,54,58,67,81,11,58,78,52,59,55,37,23,69,95,72,20,76
78,98,59,34,22,85,92,8,45,55,14,27,14,9,77,84,53,38,5,81,39,6,9,8,6,83,69,92,38,59,46,53,4,37,90,56,96,9,42,44,44,62,48,27,46,32,57,82,91,65,95,16,53,19,12,3,72,73,17,57,83,83,34,97
90,14,19,20,42,63,87,26,16,4,17,27,65,1,55,38,4,87,94,55,16,61,82,86,35,55,92,23,95,76,26,21,15,71,83,68,94,85,93,55,7,19,26,20,17,99,82,50,14,11,86,82,12,6,59,2,33,65,92,12,36,58,32,33,45
46,31,25,55,27,85,16,95,2,81,61,36,62,56,59,57,46,26,63,82,96,94,80,64,45,69,6,58,30,32,73,69,73,52,50,85,79,93,88,92,61,59,51,79,65,69,89,26,14,36,60,89,80,91,38,80,7,10,4,34,47,13,92,84,5,79
30,75,23,60,18,9,21,67,86,49,23,45,64,56,74,28,63,68,14,81,24,97,36,14,69,18,50,51,79,62,89,66,69,58,22,85,3,47,39,34,62,32,59,18,51,19,41,42,94,94,77,21,76,86,29,79,48,29,34,74,43,89,39,46,50,16,40
54,45,96,32,74,23,37,71,53,81,51,78,12,1,20,65,45,20,42,5,78,79,5,85,54,25,42,16,79,93,37,16,26,60,72,20,48,36,47,24,48,84,8,46,77,36,19,87,53,68,29,26,30,77,66,3,21,10,61,51,5,94,1,60,59,73,24,26
85,47,28,65,67,86,3,19,84,57,57,53,27,82,15,14,51,21,22,19,18,3,92,1,67,27,32,77,39,73,53,29,50,60,81,35,27,14,68,20,58,6,31,7,35,8,8,48,2,11,28,55,18,18,59,66,55,74,23,31,72,17,59,7,42,37,57,91,55
73,8,74,65,80,73,100,99,37,13,32,76,25,95,98,90,46,90,87,90,86,37,55,54,19,20,25,54,79,88,93,26,86,5,40,79,90,60,63,38,19,74,78,56,85,56,79,27,72,53,69,48,65,52,70,61,9,86,42,26,17,79,51,28,31,88,41,88,27,45
25,7,29,96,34,83,23,55,65,21,89,35,81,5,65,6,88,4,10,67,68,98,7,62,55,30,3,59,11,44,10,95,79,79,98,11,3,44,30,78,48,72,89,79,15,24,71,38,4,82,10,79,49,67,66,56,98,36,88,9,30,17,59,60,49,4,31,100,17,30,17
8,39,26,41,86,56,81,19,68,20,44,49,70,53,85,65,52,97,47,96,7,45,89,61,58,78,68,37,72,12,83,84,22,48,80,80,23,92,27,4,53,7,44,53,9,43,45,94,19,59,69,35,36,46,87,46,23,79,79,53,66,10,23,73,38,20,63,40,89,4,41,39
56,87,31,45,82,19,97,8,71,47,39,76,47,10,31,12,35,46,35,29,39,96,71,41,88,19,95,68,51,73,17,20,58,100,82,29,8,55,84,3,66,72,48,12,96,52,62,8,3,14,48,80,3,90,93,90,56,78,65,34,11,45,15,86,67,21,99,79,46,60,60,98,98
69,81,31,11,90,33,64,46,40,59,87,96,63,16,34,68,91,75,4,92,16,67,56,98,4,75,16,14,9,20,32,51,32,75,99,71,73,89,84,43,10,40,49,6,42,65,91,56,46,7,62,91,8,48,37,31,18,36,94,3,36,24,57,62,12,57,76,34,78,87,11,64,33,3
67,87,48,47,92,53,68,20,14,43,87,81,97,23,54,39,22,77,100,26,8,41,74,79,68,73,25,93,52,37,33,56,68,33,34,2,54,50,93,41,65,21,31,6,44,95,49,64,51,64,91,48,3,93,77,88,97,36,80,95,89,31,7,89,83,9,76,46,75,51,76,69,76,32,51
37,24,75,38,90,54,3,71,48,74,17,33,71,7,59,3,39,60,10,71,76,78,69,23,48,40,48,69,47,71,22,26,4,79,21,32,40,32,83,46,12,10,50,30,59,5,79,73,68,25,67,87,71,72,99,98,89,36,47,22,52,59,50,84,7,28,71,77,13,49,41,51,33,61,41,89
78,36,100,37,58,98,7,24,52,22,70,12,45,89,32,70,3,38,69,67,78,7,73,32,96,87,88,90,21,51,53,59,91,78,67,7,51,9,55,54,27,12,77,43,81,95,14,7,38,46,87,71,57,13,28,76,20,24,32,98,72,95,71,82,41,37,21,51,92,22,19,3,43,63,96,9,58
63,14,60,19,84,26,33,26,38,80,71,53,78,9,60,16,59,95,65,85,86,57,61,47,63,72,26,68,45,8,71,11,25,46,25,17,53,2,73,82,30,43,62,59,33,86,78,92,46,93,61,43,96,35,87,12,2,59,38,52,77,30,97,44,66,89,26,84,94,86,25,13,14,43,38,8,19,81
9,92,47,11,72,89,51,81,27,36,29,73,62,86,100,40,28,34,34,61,19,19,55,50,19,69,61,70,42,80,74,71,9,37,45,69,2,64,35,38,79,28,98,16,75,67,66,41,28,89,11,69,9,80,75,20,3,2,23,92,66,72,69,53,62,34,52,10,2,53,81,63,12,40,31,78,97,15,28
92,78,68,93,25,77,21,5,49,35,42,32,77,37,46,95,13,36,38,19,73,61,100,54,65,92,73,59,47,33,54,14,32,63,17,20,90,81,75,2,99,62,58,58,62,65,17,22,28,71,24,34,53,5,50,91,18,87,72,66,95,26,26,60,38,91,14,38,69,13,62,100,33,22,19,8,68,93,82,59
57,81,22,19,34,52,38,68,33,65,63,84,65,21,91,92,53,98,9,6,91,57,45,39,44,3,55,48,33,49,32,9,78,37,75,87,34,65,7,4,48,64,11,75,78,64,42,84,28,100,30,90,72,20,48,76,75,83,47,47,30,10,49,96,38,44,30,45,31,28,51,96,25,72,50,2,73,78,92,94,5
55,28,29,9,37,68,86,84,30,82,68,7,76,3,62,58,30,8,37,35,30,49,11,90,36,70,46,40,80,56,60,78,36,96,54,14,21,20,81,95,24,52,62,17,54,89,48,44,80,69,66,53,9,66,33,33,21,86,16,39,79,53,99,90,67,7,84,63,3,32,88,79,46,82,35,60,63,73,99,13,36,100
94,27,66,56,51,59,93,44,53,39,29,54,45,21,26,86,50,39,16,37,88,60,92,65,85,12,10,41,19,27,19,96,16,25,46,72,58,20,2,82,67,22,7,47,77,51,28,81,30,64,38,64,65,62,51,9,54,70,7,23,12,87,67,57,30,57,74,48,48,80,17,5,72,42,88,91,86,40,30,46,69,3,39
51,61,56,82,66,77,74,47,13,77,28,78,43,75,22,30,11,85,1,31,64,48,70,90,44,3,61,72,44,10,77,10,58,31,31,61,27,37,9,9,47,14,72,32,39,27,16,19,95,47,68,65,79,49,14,3,99,93,8,67,44,46,86,54,35,16,30,51,9,41,5,38,31,41,94,28,35,54,51,17,93,3,38,40
14,33,79,78,80,70,64,8,25,41,55,72,61,40,99,97,48,34,24,37,28,67,66,15,38,61,69,46,7,99,41,20,98,98,7,48,40,100,8,85,22,47,37,69,4,22,19,75,69,49,86,9,51,14,14,89,94,30,99,41,93,55,52,36,96,78,76,84,64,27,15,89,7,44,75,87,69,72,75,8,8,59,32,98,64
13,80,26,92,41,34,1,62,45,45,22,86,58,52,20,22,27,84,5,17,66,16,99,72,8,56,38,81,31,98,68,90,37,9,70,26,77,77,10,91,10,26,24,35,7,59,40,13,66,67,43,28,69,7,30,85,53,89,67,36,92,65,82,37,47,67,45,14,25,28,27,67,9,32,39,68,27,32,89,70,73,88,79,88,19,31
89,2,43,27,49,17,49,41,49,73,52,4,65,49,81,15,21,89,27,71,84,77,77,37,43,81,26,78,48,6,74,60,74,91,21,68,35,6,85,41,49,38,3,77,23,71,8,75,53,6,47,52,65,89,24,7,22,15,46,20,22,27,83,53,93,79,26,57,74,37,34,99,32,30,25,22,49,48,11,59,55,97,44,94,44,94,39
26,77,37,32,16,79,58,10,62,67,75,36,96,80,90,69,5,26,81,95,20,44,76,95,31,67,67,30,23,66,55,7,85,80,71,48,3,30,38,88,20,58,79,65,11,35,97,14,3,12,59,11,4,84,20,79,6,36,12,12,17,94,65,21,92,21,82,17,78,37,25,23,11,84,8,42,41,15,56,10,56,51,20,75,54,34,98,62
2,74,46,77,87,73,54,74,68,53,71,37,62,43,85,21,95,39,18,9,10,37,56,2,65,27,55,20,25,20,64,5,80,93,45,78,16,87,54,8,12,52,9,29,10,2,67,23,93,30,54,27,30,94,13,35,44,72,24,82,45,67,46,35,19,41,49,75,13,73,82,77,92,50,11,23,42,40,49,59,51,3,82,10,1,46,81,40,42
54,85,64,2,38,65,21,89,61,3,49,42,80,2,9,55,15,15,15,38,47,17,42,69,39,33,50,84,93,31,85,1,66,28,72,79,96,64,48,18,27,10,40,54,56,88,54,17,33,90,71,45,1,58,55,41,79,74,84,32,23,5,35,51,80,34,50,12,59,76,54,22,96,14,64,51,53,97,16,92,86,66,59,32,94,23,5,97,31,26
2,95,39,73,10,24,77,73,55,52,43,24,11,95,26,13,68,85,63,13,26,66,22,94,71,41,80,31,94,65,47,69,36,69,79,85,65,81,49,26,41,9,43,6,31,25,35,90,26,48,64,87,99,21,95,73,45,63,40,71,68,75,60,6,61,81,68,64,6,49,25,59,20,6,69,3,72,48,58,36,54,89,77,6,82,62,71,60,41,82,81
45,20,53,77,39,55,32,80,97,95,14,68,84,51,20,50,92,51,67,94,41,52,16,31,77,40,13,20,68,9,98,46,9,89,88,41,82,91,82,100,22,12,36,71,31,90,72,66,54,68,64,44,67,26,49,63,77,10,30,74,34,50,27,92,17,77,31,19,34,28,93,35,60,24,17,15,12,99,90,34,66,48,58,2,18,46,73,6,11,50,75,31
77,37,63,17,38,22,2,64,92,7,21,82,11,53,23,83,2,10,11,17,85,70,9,42,9,15,42,40,37,73,63,53,4,30,74,76,34,55,76,5,86,83,80,98,89,53,67,95,52,11,3,19,63,85,60,82,37,85,44,75,70,77,52,52,100,50,53,27,57,39,25,11,58,77,60,10,96,95,73,47,71,77,8,94,16,78,36,85,48,5,19,42,71
45,42,25,57,73,46,34,90,72,67,4,18,75,66,99,61,60,35,35,86,91,32,2,38,4,58,97,60,29,11,30,47,8,9,63,67,90,31,16,69,36,81,79,80,88,22,64,49,31,1,74,86,31,97,78,45,99,75,90,59,86,82,89,20,72,63,6,96,72,26,28,18,21,28,46,52,71,73,10,82,96,88,26,55,22,35,75,21,48,67,50,20,100,97
61,45,62,85,34,75,61,18,71,22,95,23,8,52,43,86,7,86,82,63,86,63,21,72,9,71,47,73,80,66,27,77,49,90,73,19,36,25,32,12,57,66,52,85,71,28,35,92,48,10,60,81,71,71,74,16,39,52,80,12,51,47,48,88,60,20,96,92,70,69,92,29,91,40,83,10,62,50,78,14,70,33,99,58,65,96,89,85,96,97,37,63,82,71,40
92,61,16,53,42,56,91,13,9,93,36,47,68,85,37,59,19,89,10,50,31,12,43,27,63,83,21,63,5,99,86,10,6,13,96,10,11,93,10,58,35,61,18,17,84,99,9,51,22,88,18,39,72,40,40,88,4,47,80,35,31,20,83,36,35,67,44,88,89,74,35,99,2,27,69,84,40,72,70,22,11,33,23,87,38,81,13,31,74,18,85,20,73,24,35,18
83,36,97,82,48,50,17,13,33,22,52,72,57,6,4,8,91,80,25,88,86,7,44,63,6,18,78,51,46,43,33,67,72,22,34,71,80,50,80,92,35,90,77,49,11,84,48,50,12,34,1,32,55,91,78,47,6,41,91,26,33,81,85,41,77,74,74,18,94,6,83,71,26,76,94,43,71,29,12,15,32,44,4,81,31,35,4,94,28,21,71,27,87,16,65,20,22
52,100,66,2,89,83,51,31,37,46,33,56,83,74,28,49,95,41,68,59,96,47,15,63,98,68,25,95,44,88,40,64,58,46,55,77,91,22,42,11,9,21,94,57,45,45,20,13,34,93,52,4,24,39,76,12,35,98,3,66,63,4,71,44,12,66,92,16,59,17,37,37,50,53,90,80,3,29,16,18,37,8,51,71,45,83,71,23,95,2,58,30,81,95,38,18,25,96
2,69,2,70,79,57,29,51,48,53,20,26,18,78,71,15,28,19,95,59,15,43,84,7,31,56,11,31,27,57,90,79,96,71,52,19,66,100,11,82,55,47,64,53,96,89,57,51,24,31,46,25,51,5,92,82,38,43,98,47,6,23,42,3,85,28,14,88,34,62,3,80,62,31,9,5,87,65,20,41,59,8,87,50,23,92,7,93,23,91,57,37,27,29,92,75,6,84,95
31,41,97,22,38,29,99,42,14,4,88,68,72,47,83,17,22,14,30,93,83,69,34,70,17,70,68,71,4,12,80,84,82,68,86,80,73,74,7,12,97,21,17,30,94,1,56,83,55,43,81,72,17,97,15,75,8,94,38,85,25,18,97,29,69,39,22,58,76,39,56,69,71,33,48,98,22,34,38,22,48,58,27,42,53,50,54,30,94,35,86,83,57,92,82,32,78,15,86,50
93,82,54,89,50,57,60,33,61,95,39,42,6,79,44,69,65,72,39,61,65,33,100,58,74,5,21,82,15,37,33,4,30,97,16,49,63,56,45,42,14,56,35,56,3,79,68,89,8,87,78,36,84,65,32,58,79,4,26,14,38,79,66,72,39,65,71,95,38,81,2,86,14,8,79,96,86,97,100,68,2,86,28,21,41,76,52,94,8,12,22,69,37,33,22,67,88,21,57,12,38
63,25,56,80,67,91,9,81,48,32,73,26,23,71,100,89,91,22,55,33,84,19,28,97,97,17,36,75,31,61,86,29,73,28,78,94,34,84,18,41,2,99,29,12,94,11,8,65,22,70,14,28,49,2,3,25,27,50,15,6,93,60,94,86,65,60,92,11,86,56,40,17,8,91,48,45,32,40,40,37,16,25,14,58,19,41,19,89,47,61,46,52,82,10,77,64,34,51,91,80,36,81
29,77,76,38,50,60,74,5,30,22,48,64,94,39,18,61,1,3,44,59,23,30,7,39,7,74,1,33,68,9,72,94,56,39,4,60,38,98,41,53,33,98,56,37,42,50,3,22,90,25,10,21,85,79,73,18,26,27,28,94,4,87,42,92,30,45,22,21,17,63,16,66,99,83,39,32,63,67,69,55,7,88,32,16,66,24,40,14,57,98,79,94,58,70,39,35,45,68,94,83,85,62,45
79,46,41,98,86,52,25,16,24,33,81,35,9,17,6,64,32,90,23,96,25,19,52,84,89,99,35,93,51,22,55,80,37,81,12,87,72,18,38,73,11,71,10,42,93,34,60,18,34,24,76,82,27,9,98,96,36,50,76,76,3,97,56,2,67,3,12,71,96,94,25,44,37,64,72,86,71,6,35,57,21,98,53,15,19,58,33,38,29,60,42,95,30,17,16,70,83,20,87,41,71,65,20,47